LAKSTART:   50.087199   20.203209
LAK1:       50.093091   20.191591
LAK2:       50.093167   20.20002
LAK3:       50.093249   20.206618
LAK4:       50.09133    20.206174
LAK5:       50.090358   20.208735
LAK6:       50.088489   20.208989
LAK7:       50.086895   20.210022
LAK8:       50.087296   20.200286
LAK9:       50.087536   20.192006
LAK10:      50.090611   20.191955
LAK11:      50.091635   20.191672: